[ColorEffects:Disabled]
Color=56,56,56
ColorAmount=0
ColorEffect=0
ContrastAmount=0.65000000000000002
ContrastEffect=1
IntensityAmount=0.10000000000000001
IntensityEffect=2

[ColorEffects:Inactive]
Color=112,110,111
ColorAmount=-0.95000000000000007
ColorEffect=0
ContrastAmount=0.10000000000000001
ContrastEffect=0
Enable=false
IntensityAmount=0
IntensityEffect=0

[Colors:Button]
BackgroundAlternate=65,65,65
BackgroundNormal=41,47,52
DecorationFocus=188,188,188
DecorationHover=160,160,160
ForegroundActive=211,211,211
ForegroundInactive=155,155,155
ForegroundLink=219,219,219
ForegroundNegative=231,231,231
ForegroundNeutral=230,230,230
ForegroundNormal=247,247,247
ForegroundPositive=204,204,204
ForegroundVisited=112,112,112

[Colors:Selection]
BackgroundAlternate=188,188,188
BackgroundNormal=160,160,160
DecorationFocus=188,188,188
DecorationHover=160,160,160
ForegroundActive=153,153,153
ForegroundInactive=65,65,65
ForegroundLink=94,94,94
ForegroundNegative=159,159,159
ForegroundNeutral=180,180,180
ForegroundNormal=247,247,247
ForegroundPositive=112,112,112
ForegroundVisited=112,112,112

[Colors:Tooltip]
BackgroundAlternate=35,35,35
BackgroundNormal=52,52,52
DecorationFocus=188,188,188
DecorationHover=160,160,160
ForegroundActive=211,211,211
ForegroundInactive=155,155,155
ForegroundLink=219,219,219
ForegroundNegative=231,231,231
ForegroundNeutral=230,230,230
ForegroundNormal=247,247,247
ForegroundPositive=204,204,204
ForegroundVisited=112,112,112

[Colors:View]
BackgroundAlternate=65,65,65
BackgroundNormal=452,52,52
DecorationFocus=160,160,160
DecorationHover=188,188,188
ForegroundActive=211,211,211
ForegroundInactive=155,155,155
ForegroundLink=219,219,219
ForegroundNegative=231,231,231
ForegroundNeutral=230,230,230
ForegroundNormal=247,247,247
ForegroundPositive=204,204,204
ForegroundVisited=112,112,112

[Colors:Window]
BackgroundAlternate=25,25,25
BackgroundNormal=52,52,52
DecorationFocus=188,188,188
DecorationHover=160,160,160
ForegroundActive=211,211,211
ForegroundInactive=155,155,155
ForegroundLink=219,219,219
ForegroundNegative=231,231,231
ForegroundNeutral=230,230,230
ForegroundNormal=247,247,247
ForegroundPositive=204,204,204
ForegroundVisited=112,112,112

[General]
ColorScheme=DamaDamas
Name=DamaDamas
shadeSortColumn=true

[KDE]
contrast=7

[WM]
activeBackground=52,52,52
activeBlend=52,52,52
activeForeground=247,247,247
inactiveBackground=52,52,52
inactiveBlend=52,52,52
inactiveForeground=247,247,247
